41551593
41537028
41427939
31656962
37279423
38574087
42806565
42024897
33358837
26056432
34743316
34053274
42408981
41665875
43150684
43061106
43190830
43124721
43264665
42061971
36170176
35371687
43091742
39283005
42549927
37458148
43313718
42747459
43339041
43408470
42799971
43025673
43402168
43435234
36550222
28741155
40707474
42192576
29685750
43487581
21057455
43277785
43138920
43137195
42215412
43356675
43613677
27843301
43755792
43114068
41996043
42056637
43794979
43803273
43804606
42857913
43852434
43856290
